+------------------------+
| 00 | 06 | 15 | 07 | 07 |
+------------------------+
| 08 | 09 | 13 | 04 | 07 |
+------------------------+
| 01 | 02 | 03 | 10 | 05 |
+------------------------+
| 14 | 11 | 16 | 12 | 18 |
+------------------------+
| 19 | 20 | 17 | 21 | 00 |
+------------------------+
(21,r); 1
+------------------------+
| 00 | 06 | 15 | 07 | 07 |
+------------------------+
| 08 | 09 | 13 | 04 | 07 |
+------------------------+
| 01 | 02 | 03 | 10 | 05 |
+------------------------+
| 14 | 11 | 16 | 12 | 18 |
+------------------------+
| 19 | 20 | 17 | 00 | 21 |
+------------------------+
(17,r); 2
+------------------------+
| 00 | 06 | 15 | 07 | 07 |
+------------------------+
| 08 | 09 | 13 | 04 | 07 |
+------------------------+
| 01 | 02 | 03 | 10 | 05 |
+------------------------+
| 14 | 11 | 16 | 12 | 18 |
+------------------------+
| 19 | 20 | 00 | 17 | 21 |
+------------------------+
(16,d); 3
+------------------------+
| 00 | 06 | 15 | 07 | 07 |
+------------------------+
| 08 | 09 | 13 | 04 | 07 |
+------------------------+
| 01 | 02 | 03 | 10 | 05 |
+------------------------+
| 14 | 11 | 00 | 12 | 18 |
+------------------------+
| 19 | 20 | 16 | 17 | 21 |
+------------------------+
(3,d); 4
+------------------------+
| 00 | 06 | 15 | 07 | 07 |
+------------------------+
| 08 | 09 | 13 | 04 | 07 |
+------------------------+
| 01 | 02 | 00 | 10 | 05 |
+------------------------+
| 14 | 11 | 03 | 12 | 18 |
+------------------------+
| 19 | 20 | 16 | 17 | 21 |
+------------------------+
(13,d); 5
+------------------------+
| 00 | 06 | 15 | 07 | 07 |
+------------------------+
| 08 | 09 | 00 | 04 | 07 |
+------------------------+
| 01 | 02 | 13 | 10 | 05 |
+------------------------+
| 14 | 11 | 03 | 12 | 18 |
+------------------------+
| 19 | 20 | 16 | 17 | 21 |
+------------------------+
(9,r); 6
+------------------------+
| 00 | 06 | 15 | 07 | 07 |
+------------------------+
| 08 | 00 | 09 | 04 | 07 |
+------------------------+
| 01 | 02 | 13 | 10 | 05 |
+------------------------+
| 14 | 11 | 03 | 12 | 18 |
+------------------------+
| 19 | 20 | 16 | 17 | 21 |
+------------------------+
(2,u); 7
+------------------------+
| 00 | 06 | 15 | 07 | 07 |
+------------------------+
| 08 | 02 | 09 | 04 | 07 |
+------------------------+
| 01 | 00 | 13 | 10 | 05 |
+------------------------+
| 14 | 11 | 03 | 12 | 18 |
+------------------------+
| 19 | 20 | 16 | 17 | 21 |
+------------------------+
(8,u); 8
+------------------------+
| 08 | 06 | 15 | 07 | 07 |
+------------------------+
| 00 | 02 | 09 | 04 | 07 |
+------------------------+
| 01 | 00 | 13 | 10 | 05 |
+------------------------+
| 14 | 11 | 03 | 12 | 18 |
+------------------------+
| 19 | 20 | 16 | 17 | 21 |
+------------------------+
(2,l); 9
+------------------------+
| 08 | 06 | 15 | 07 | 07 |
+------------------------+
| 02 | 00 | 09 | 04 | 07 |
+------------------------+
| 01 | 00 | 13 | 10 | 05 |
+------------------------+
| 14 | 11 | 03 | 12 | 18 |
+------------------------+
| 19 | 20 | 16 | 17 | 21 |
+------------------------+
(9,l); 10
+------------------------+
| 08 | 06 | 15 | 07 | 07 |
+------------------------+
| 02 | 09 | 00 | 04 | 07 |
+------------------------+
| 01 | 00 | 13 | 10 | 05 |
+------------------------+
| 14 | 11 | 03 | 12 | 18 |
+------------------------+
| 19 | 20 | 16 | 17 | 21 |
+------------------------+
(15,d); 11
+------------------------+
| 08 | 06 | 00 | 07 | 07 |
+------------------------+
| 02 | 09 | 15 | 04 | 07 |
+------------------------+
| 01 | 00 | 13 | 10 | 05 |
+------------------------+
| 14 | 11 | 03 | 12 | 18 |
+------------------------+
| 19 | 20 | 16 | 17 | 21 |
+------------------------+
(9,d); 12
+------------------------+
| 08 | 06 | 00 | 07 | 07 |
+------------------------+
| 02 | 00 | 15 | 04 | 07 |
+------------------------+
| 01 | 09 | 13 | 10 | 05 |
+------------------------+
| 14 | 11 | 03 | 12 | 18 |
+------------------------+
| 19 | 20 | 16 | 17 | 21 |
+------------------------+
(15,l); 13
+------------------------+
| 08 | 06 | 00 | 07 | 07 |
+------------------------+
| 02 | 15 | 00 | 04 | 07 |
+------------------------+
| 01 | 09 | 13 | 10 | 05 |
+------------------------+
| 14 | 11 | 03 | 12 | 18 |
+------------------------+
| 19 | 20 | 16 | 17 | 21 |
+------------------------+
(4,l); 14
+------------------------+
| 08 | 06 | 00 | 07 | 07 |
+------------------------+
| 02 | 15 | 04 | 00 | 07 |
+------------------------+
| 01 | 09 | 13 | 10 | 05 |
+------------------------+
| 14 | 11 | 03 | 12 | 18 |
+------------------------+
| 19 | 20 | 16 | 17 | 21 |
+------------------------+
(7,l); 15
+------------------------+
| 08 | 06 | 07 | 07 | 00 |
+------------------------+
| 02 | 15 | 04 | 07 | 00 |
+------------------------+
| 01 | 09 | 13 | 10 | 05 |
+------------------------+
| 14 | 11 | 03 | 12 | 18 |
+------------------------+
| 19 | 20 | 16 | 17 | 21 |
+------------------------+
(5,u); 16
+------------------------+
| 08 | 06 | 07 | 07 | 00 |
+------------------------+
| 02 | 15 | 04 | 07 | 05 |
+------------------------+
| 01 | 09 | 13 | 10 | 00 |
+------------------------+
| 14 | 11 | 03 | 12 | 18 |
+------------------------+
| 19 | 20 | 16 | 17 | 21 |
+------------------------+
(10,r); 17
+------------------------+
| 08 | 06 | 07 | 07 | 00 |
+------------------------+
| 02 | 15 | 04 | 07 | 05 |
+------------------------+
| 01 | 09 | 13 | 00 | 10 |
+------------------------+
| 14 | 11 | 03 | 12 | 18 |
+------------------------+
| 19 | 20 | 16 | 17 | 21 |
+------------------------+
(13,r); 18
+------------------------+
| 08 | 06 | 07 | 07 | 00 |
+------------------------+
| 02 | 15 | 04 | 07 | 05 |
+------------------------+
| 01 | 09 | 00 | 13 | 10 |
+------------------------+
| 14 | 11 | 03 | 12 | 18 |
+------------------------+
| 19 | 20 | 16 | 17 | 21 |
+------------------------+
(5,u); 19
+------------------------+
| 08 | 06 | 07 | 07 | 05 |
+------------------------+
| 02 | 15 | 04 | 07 | 00 |
+------------------------+
| 01 | 09 | 00 | 13 | 10 |
+------------------------+
| 14 | 11 | 03 | 12 | 18 |
+------------------------+
| 19 | 20 | 16 | 17 | 21 |
+------------------------+
(10,u); 20
+------------------------+
| 08 | 06 | 07 | 07 | 05 |
+------------------------+
| 02 | 15 | 04 | 07 | 10 |
+------------------------+
| 01 | 09 | 00 | 13 | 00 |
+------------------------+
| 14 | 11 | 03 | 12 | 18 |
+------------------------+
| 19 | 20 | 16 | 17 | 21 |
+------------------------+
(13,r); 21
+------------------------+
| 08 | 06 | 07 | 07 | 05 |
+------------------------+
| 02 | 15 | 04 | 07 | 10 |
+------------------------+
| 01 | 09 | 00 | 00 | 13 |
+------------------------+
| 14 | 11 | 03 | 12 | 18 |
+------------------------+
| 19 | 20 | 16 | 17 | 21 |
+------------------------+
(4,d); 22
+------------------------+
| 08 | 06 | 07 | 07 | 05 |
+------------------------+
| 02 | 15 | 00 | 07 | 10 |
+------------------------+
| 01 | 09 | 04 | 00 | 13 |
+------------------------+
| 14 | 11 | 03 | 12 | 18 |
+------------------------+
| 19 | 20 | 16 | 17 | 21 |
+------------------------+
(4,r); 23
+------------------------+
| 08 | 06 | 07 | 07 | 05 |
+------------------------+
| 02 | 15 | 00 | 07 | 10 |
+------------------------+
| 01 | 09 | 00 | 04 | 13 |
+------------------------+
| 14 | 11 | 03 | 12 | 18 |
+------------------------+
| 19 | 20 | 16 | 17 | 21 |
+------------------------+
(9,r); 24
+------------------------+
| 08 | 06 | 07 | 07 | 05 |
+------------------------+
| 02 | 15 | 00 | 07 | 10 |
+------------------------+
| 01 | 00 | 09 | 04 | 13 |
+------------------------+
| 14 | 11 | 03 | 12 | 18 |
+------------------------+
| 19 | 20 | 16 | 17 | 21 |
+------------------------+
(15,d); 25
+------------------------+
| 08 | 06 | 07 | 07 | 05 |
+------------------------+
| 02 | 00 | 00 | 07 | 10 |
+------------------------+
| 01 | 15 | 09 | 04 | 13 |
+------------------------+
| 14 | 11 | 03 | 12 | 18 |
+------------------------+
| 19 | 20 | 16 | 17 | 21 |
+------------------------+
(6,d); 26
+------------------------+
| 08 | 00 | 07 | 07 | 05 |
+------------------------+
| 02 | 06 | 00 | 07 | 10 |
+------------------------+
| 01 | 15 | 09 | 04 | 13 |
+------------------------+
| 14 | 11 | 03 | 12 | 18 |
+------------------------+
| 19 | 20 | 16 | 17 | 21 |
+------------------------+
(7,l); 27
+------------------------+
| 08 | 07 | 07 | 00 | 05 |
+------------------------+
| 02 | 06 | 07 | 00 | 10 |
+------------------------+
| 01 | 15 | 09 | 04 | 13 |
+------------------------+
| 14 | 11 | 03 | 12 | 18 |
+------------------------+
| 19 | 20 | 16 | 17 | 21 |
+------------------------+
(4,u); 28
+------------------------+
| 08 | 07 | 07 | 00 | 05 |
+------------------------+
| 02 | 06 | 07 | 04 | 10 |
+------------------------+
| 01 | 15 | 09 | 00 | 13 |
+------------------------+
| 14 | 11 | 03 | 12 | 18 |
+------------------------+
| 19 | 20 | 16 | 17 | 21 |
+------------------------+
(9,r); 29
+------------------------+
| 08 | 07 | 07 | 00 | 05 |
+------------------------+
| 02 | 06 | 07 | 04 | 10 |
+------------------------+
| 01 | 15 | 00 | 09 | 13 |
+------------------------+
| 14 | 11 | 03 | 12 | 18 |
+------------------------+
| 19 | 20 | 16 | 17 | 21 |
+------------------------+
(4,u); 30
+------------------------+
| 08 | 07 | 07 | 04 | 05 |
+------------------------+
| 02 | 06 | 07 | 00 | 10 |
+------------------------+
| 01 | 15 | 00 | 09 | 13 |
+------------------------+
| 14 | 11 | 03 | 12 | 18 |
+------------------------+
| 19 | 20 | 16 | 17 | 21 |
+------------------------+
(9,u); 31
+------------------------+
| 08 | 07 | 07 | 04 | 05 |
+------------------------+
| 02 | 06 | 07 | 09 | 10 |
+------------------------+
| 01 | 15 | 00 | 00 | 13 |
+------------------------+
| 14 | 11 | 03 | 12 | 18 |
+------------------------+
| 19 | 20 | 16 | 17 | 21 |
+------------------------+
(3,u); 32
+------------------------+
| 08 | 07 | 07 | 04 | 05 |
+------------------------+
| 02 | 06 | 07 | 09 | 10 |
+------------------------+
| 01 | 15 | 03 | 00 | 13 |
+------------------------+
| 14 | 11 | 00 | 12 | 18 |
+------------------------+
| 19 | 20 | 16 | 17 | 21 |
+------------------------+
(11,r); 33
+------------------------+
| 08 | 07 | 07 | 04 | 05 |
+------------------------+
| 02 | 06 | 07 | 09 | 10 |
+------------------------+
| 01 | 15 | 03 | 00 | 13 |
+------------------------+
| 14 | 00 | 11 | 12 | 18 |
+------------------------+
| 19 | 20 | 16 | 17 | 21 |
+------------------------+
(15,d); 34
+------------------------+
| 08 | 07 | 07 | 04 | 05 |
+------------------------+
| 02 | 06 | 07 | 09 | 10 |
+------------------------+
| 01 | 00 | 03 | 00 | 13 |
+------------------------+
| 14 | 15 | 11 | 12 | 18 |
+------------------------+
| 19 | 20 | 16 | 17 | 21 |
+------------------------+
(6,d); 35
+------------------------+
| 08 | 07 | 07 | 04 | 05 |
+------------------------+
| 02 | 00 | 07 | 09 | 10 |
+------------------------+
| 01 | 06 | 03 | 00 | 13 |
+------------------------+
| 14 | 15 | 11 | 12 | 18 |
+------------------------+
| 19 | 20 | 16 | 17 | 21 |
+------------------------+
(3,r); 36
+------------------------+
| 08 | 07 | 07 | 04 | 05 |
+------------------------+
| 02 | 00 | 07 | 09 | 10 |
+------------------------+
| 01 | 06 | 00 | 03 | 13 |
+------------------------+
| 14 | 15 | 11 | 12 | 18 |
+------------------------+
| 19 | 20 | 16 | 17 | 21 |
+------------------------+
(7,d); 37
+------------------------+
| 08 | 00 | 00 | 04 | 05 |
+------------------------+
| 02 | 07 | 07 | 09 | 10 |
+------------------------+
| 01 | 06 | 07 | 03 | 13 |
+------------------------+
| 14 | 15 | 11 | 12 | 18 |
+------------------------+
| 19 | 20 | 16 | 17 | 21 |
+------------------------+
(8,r); 38
+------------------------+
| 00 | 08 | 00 | 04 | 05 |
+------------------------+
| 02 | 07 | 07 | 09 | 10 |
+------------------------+
| 01 | 06 | 07 | 03 | 13 |
+------------------------+
| 14 | 15 | 11 | 12 | 18 |
+------------------------+
| 19 | 20 | 16 | 17 | 21 |
+------------------------+
(8,r); 39
+------------------------+
| 00 | 00 | 08 | 04 | 05 |
+------------------------+
| 02 | 07 | 07 | 09 | 10 |
+------------------------+
| 01 | 06 | 07 | 03 | 13 |
+------------------------+
| 14 | 15 | 11 | 12 | 18 |
+------------------------+
| 19 | 20 | 16 | 17 | 21 |
+------------------------+
(2,u); 40
+------------------------+
| 02 | 00 | 08 | 04 | 05 |
+------------------------+
| 00 | 07 | 07 | 09 | 10 |
+------------------------+
| 01 | 06 | 07 | 03 | 13 |
+------------------------+
| 14 | 15 | 11 | 12 | 18 |
+------------------------+
| 19 | 20 | 16 | 17 | 21 |
+------------------------+
(2,r); 41
+------------------------+
| 00 | 02 | 08 | 04 | 05 |
+------------------------+
| 00 | 07 | 07 | 09 | 10 |
+------------------------+
| 01 | 06 | 07 | 03 | 13 |
+------------------------+
| 14 | 15 | 11 | 12 | 18 |
+------------------------+
| 19 | 20 | 16 | 17 | 21 |
+------------------------+
(1,u); 42
+------------------------+
| 00 | 02 | 08 | 04 | 05 |
+------------------------+
| 01 | 07 | 07 | 09 | 10 |
+------------------------+
| 00 | 06 | 07 | 03 | 13 |
+------------------------+
| 14 | 15 | 11 | 12 | 18 |
+------------------------+
| 19 | 20 | 16 | 17 | 21 |
+------------------------+
(6,l); 43
+------------------------+
| 00 | 02 | 08 | 04 | 05 |
+------------------------+
| 01 | 07 | 07 | 09 | 10 |
+------------------------+
| 06 | 00 | 07 | 03 | 13 |
+------------------------+
| 14 | 15 | 11 | 12 | 18 |
+------------------------+
| 19 | 20 | 16 | 17 | 21 |
+------------------------+
(1,u); 44
+------------------------+
| 01 | 02 | 08 | 04 | 05 |
+------------------------+
| 00 | 07 | 07 | 09 | 10 |
+------------------------+
| 06 | 00 | 07 | 03 | 13 |
+------------------------+
| 14 | 15 | 11 | 12 | 18 |
+------------------------+
| 19 | 20 | 16 | 17 | 21 |
+------------------------+
(7,l); 45
+------------------------+
| 01 | 02 | 08 | 04 | 05 |
+------------------------+
| 07 | 07 | 00 | 09 | 10 |
+------------------------+
| 06 | 07 | 00 | 03 | 13 |
+------------------------+
| 14 | 15 | 11 | 12 | 18 |
+------------------------+
| 19 | 20 | 16 | 17 | 21 |
+------------------------+
(3,l); 46
+------------------------+
| 01 | 02 | 08 | 04 | 05 |
+------------------------+
| 07 | 07 | 00 | 09 | 10 |
+------------------------+
| 06 | 07 | 03 | 00 | 13 |
+------------------------+
| 14 | 15 | 11 | 12 | 18 |
+------------------------+
| 19 | 20 | 16 | 17 | 21 |
+------------------------+
(8,d); 47
+------------------------+
| 01 | 02 | 00 | 04 | 05 |
+------------------------+
| 07 | 07 | 08 | 09 | 10 |
+------------------------+
| 06 | 07 | 03 | 00 | 13 |
+------------------------+
| 14 | 15 | 11 | 12 | 18 |
+------------------------+
| 19 | 20 | 16 | 17 | 21 |
+------------------------+
(9,d); 48
+------------------------+
| 01 | 02 | 00 | 04 | 05 |
+------------------------+
| 07 | 07 | 08 | 00 | 10 |
+------------------------+
| 06 | 07 | 03 | 09 | 13 |
+------------------------+
| 14 | 15 | 11 | 12 | 18 |
+------------------------+
| 19 | 20 | 16 | 17 | 21 |
+------------------------+
(8,r); 49
+------------------------+
| 01 | 02 | 00 | 04 | 05 |
+------------------------+
| 07 | 07 | 00 | 08 | 10 |
+------------------------+
| 06 | 07 | 03 | 09 | 13 |
+------------------------+
| 14 | 15 | 11 | 12 | 18 |
+------------------------+
| 19 | 20 | 16 | 17 | 21 |
+------------------------+
(3,u); 50
+------------------------+
| 01 | 02 | 00 | 04 | 05 |
+------------------------+
| 07 | 07 | 03 | 08 | 10 |
+------------------------+
| 06 | 07 | 00 | 09 | 13 |
+------------------------+
| 14 | 15 | 11 | 12 | 18 |
+------------------------+
| 19 | 20 | 16 | 17 | 21 |
+------------------------+
(3,u); 51
+------------------------+
| 01 | 02 | 03 | 04 | 05 |
+------------------------+
| 07 | 07 | 00 | 08 | 10 |
+------------------------+
| 06 | 07 | 00 | 09 | 13 |
+------------------------+
| 14 | 15 | 11 | 12 | 18 |
+------------------------+
| 19 | 20 | 16 | 17 | 21 |
+------------------------+
(8,l); 52
+------------------------+
| 01 | 02 | 03 | 04 | 05 |
+------------------------+
| 07 | 07 | 08 | 00 | 10 |
+------------------------+
| 06 | 07 | 00 | 09 | 13 |
+------------------------+
| 14 | 15 | 11 | 12 | 18 |
+------------------------+
| 19 | 20 | 16 | 17 | 21 |
+------------------------+
(9,u); 53
+------------------------+
| 01 | 02 | 03 | 04 | 05 |
+------------------------+
| 07 | 07 | 08 | 09 | 10 |
+------------------------+
| 06 | 07 | 00 | 00 | 13 |
+------------------------+
| 14 | 15 | 11 | 12 | 18 |
+------------------------+
| 19 | 20 | 16 | 17 | 21 |
+------------------------+
(12,u); 54
+------------------------+
| 01 | 02 | 03 | 04 | 05 |
+------------------------+
| 07 | 07 | 08 | 09 | 10 |
+------------------------+
| 06 | 07 | 00 | 12 | 13 |
+------------------------+
| 14 | 15 | 11 | 00 | 18 |
+------------------------+
| 19 | 20 | 16 | 17 | 21 |
+------------------------+
(17,u); 55
+------------------------+
| 01 | 02 | 03 | 04 | 05 |
+------------------------+
| 07 | 07 | 08 | 09 | 10 |
+------------------------+
| 06 | 07 | 00 | 12 | 13 |
+------------------------+
| 14 | 15 | 11 | 17 | 18 |
+------------------------+
| 19 | 20 | 16 | 00 | 21 |
+------------------------+
(21,l); 56
+------------------------+
| 01 | 02 | 03 | 04 | 05 |
+------------------------+
| 07 | 07 | 08 | 09 | 10 |
+------------------------+
| 06 | 07 | 00 | 12 | 13 |
+------------------------+
| 14 | 15 | 11 | 17 | 18 |
+------------------------+
| 19 | 20 | 16 | 21 | 00 |
+------------------------+
(11,u); 57
+------------------------+
| 01 | 02 | 03 | 04 | 05 |
+------------------------+
| 07 | 07 | 08 | 09 | 10 |
+------------------------+
| 06 | 07 | 11 | 12 | 13 |
+------------------------+
| 14 | 15 | 00 | 17 | 18 |
+------------------------+
| 19 | 20 | 16 | 21 | 00 |
+------------------------+
(16,u); 58
+------------------------+
| 01 | 02 | 03 | 04 | 05 |
+------------------------+
| 07 | 07 | 08 | 09 | 10 |
+------------------------+
| 06 | 07 | 11 | 12 | 13 |
+------------------------+
| 14 | 15 | 16 | 17 | 18 |
+------------------------+
| 19 | 20 | 00 | 21 | 00 |
+------------------------+
(21,l); 59
+------------------------+
| 01 | 02 | 03 | 04 | 05 |
+------------------------+
| 07 | 07 | 08 | 09 | 10 |
+------------------------+
| 06 | 07 | 11 | 12 | 13 |
+------------------------+
| 14 | 15 | 16 | 17 | 18 |
+------------------------+
| 19 | 20 | 21 | 00 | 00 |
+------------------------+
