+------------------------+
| 00 | 06 | 15 | 07 | 07 |
+------------------------+
| 08 | 09 | 13 | 04 | 07 |
+------------------------+
| 01 | 02 | 03 | 10 | 05 |
+------------------------+
| 14 | 11 | 16 | 12 | 18 |
+------------------------+
| 19 | 20 | 17 | 21 | 00 |
+------------------------+
(6,l); 1
+------------------------+
| 06 | 00 | 15 | 07 | 07 |
+------------------------+
| 08 | 09 | 13 | 04 | 07 |
+------------------------+
| 01 | 02 | 03 | 10 | 05 |
+------------------------+
| 14 | 11 | 16 | 12 | 18 |
+------------------------+
| 19 | 20 | 17 | 21 | 00 |
+------------------------+
(15,l); 2
+------------------------+
| 06 | 15 | 00 | 07 | 07 |
+------------------------+
| 08 | 09 | 13 | 04 | 07 |
+------------------------+
| 01 | 02 | 03 | 10 | 05 |
+------------------------+
| 14 | 11 | 16 | 12 | 18 |
+------------------------+
| 19 | 20 | 17 | 21 | 00 |
+------------------------+
(21,r); 3
+------------------------+
| 06 | 15 | 00 | 07 | 07 |
+------------------------+
| 08 | 09 | 13 | 04 | 07 |
+------------------------+
| 01 | 02 | 03 | 10 | 05 |
+------------------------+
| 14 | 11 | 16 | 12 | 18 |
+------------------------+
| 19 | 20 | 17 | 00 | 21 |
+------------------------+
(17,r); 4
+------------------------+
| 06 | 15 | 00 | 07 | 07 |
+------------------------+
| 08 | 09 | 13 | 04 | 07 |
+------------------------+
| 01 | 02 | 03 | 10 | 05 |
+------------------------+
| 14 | 11 | 16 | 12 | 18 |
+------------------------+
| 19 | 20 | 00 | 17 | 21 |
+------------------------+
(16,d);5
+------------------------+
| 06 | 15 | 00 | 07 | 07 |
+------------------------+
| 08 | 09 | 13 | 04 | 07 |
+------------------------+
| 01 | 02 | 03 | 10 | 05 |
+------------------------+
| 14 | 11 | 00 | 12 | 18 |
+------------------------+
| 19 | 20 | 16 | 17 | 21 |
+------------------------+
(3,d);6
+------------------------+
| 06 | 15 | 00 | 07 | 07 |
+------------------------+
| 08 | 09 | 13 | 04 | 07 |
+------------------------+
| 01 | 02 | 00 | 10 | 05 |
+------------------------+
| 14 | 11 | 03 | 12 | 18 |
+------------------------+
| 19 | 20 | 16 | 17 | 21 |
+------------------------+
(13,d);7
+------------------------+
| 06 | 15 | 00 | 07 | 07 |
+------------------------+
| 08 | 09 | 00 | 04 | 07 |
+------------------------+
| 01 | 02 | 13 | 10 | 05 |
+------------------------+
| 14 | 11 | 03 | 12 | 18 |
+------------------------+
| 19 | 20 | 16 | 17 | 21 |
+------------------------+
(4,l);8
+------------------------+
| 06 | 15 | 00 | 07 | 07 |
+------------------------+
| 08 | 09 | 04 | 00 | 07 |
+------------------------+
| 01 | 02 | 13 | 10 | 05 |
+------------------------+
| 14 | 11 | 03 | 12 | 18 |
+------------------------+
| 19 | 20 | 16 | 17 | 21 |
+------------------------+
+------------------------+
| 06 | 15 | 07 | 07 | 00 |
+------------------------+
| 08 | 09 | 04 | 07 | 00 |
+------------------------+
| 01 | 02 | 13 | 10 | 05 |
+------------------------+
| 14 | 11 | 03 | 12 | 18 |
+------------------------+
| 19 | 20 | 16 | 17 | 21 |
+------------------------+
(5,u);10
+------------------------+
| 06 | 15 | 07 | 07 | 00 |
+------------------------+
| 08 | 09 | 04 | 07 | 05 |
+------------------------+
| 01 | 02 | 13 | 10 | 00 |
+------------------------+
| 14 | 11 | 03 | 12 | 18 |
+------------------------+
| 19 | 20 | 16 | 17 | 21 |
+------------------------+
(10,r); 11
+------------------------+
| 06 | 15 | 07 | 07 | 00 |
+------------------------+
| 08 | 09 | 04 | 07 | 05 |
+------------------------+
| 01 | 02 | 13 | 00 | 10 |
+------------------------+
| 14 | 11 | 03 | 12 | 18 |
+------------------------+
| 19 | 20 | 16 | 17 | 21 |
+------------------------+
(13,r); 12
+------------------------+
| 06 | 15 | 07 | 07 | 00 |
+------------------------+
| 08 | 09 | 04 | 07 | 05 |
+------------------------+
| 01 | 02 | 00 | 13 | 10 |
+------------------------+
| 14 | 11 | 03 | 12 | 18 |
+------------------------+
| 19 | 20 | 16 | 17 | 21 |
+------------------------+
(2,r); 13
+------------------------+
| 06 | 15 | 07 | 07 | 00 |
+------------------------+
| 08 | 09 | 04 | 07 | 05 |
+------------------------+
| 01 | 00 | 02 | 13 | 10 |
+------------------------+
| 14 | 11 | 03 | 12 | 18 |
+------------------------+
| 19 | 20 | 16 | 17 | 21 |
+------------------------+
(9,d);14
+------------------------+
| 06 | 15 | 07 | 07 | 00 |
+------------------------+
| 08 | 00 | 04 | 07 | 05 |
+------------------------+
| 01 | 09 | 02 | 13 | 10 |
+------------------------+
| 14 | 11 | 03 | 12 | 18 |
+------------------------+
| 19 | 20 | 16 | 17 | 21 |
+------------------------+
(15,d);15
+------------------------+
| 06 | 00 | 07 | 07 | 00 |
+------------------------+
| 08 | 15 | 04 | 07 | 05 |
+------------------------+
| 01 | 09 | 02 | 13 | 10 |
+------------------------+
| 14 | 11 | 03 | 12 | 18 |
+------------------------+
| 19 | 20 | 16 | 17 | 21 |
+------------------------+
(5,u); 16
+------------------------+
| 06 | 00 | 07 | 07 | 05 |
+------------------------+
| 08 | 15 | 04 | 07 | 00 |
+------------------------+
| 01 | 09 | 02 | 13 | 10 |
+------------------------+
| 14 | 11 | 03 | 12 | 18 |
+------------------------+
| 19 | 20 | 16 | 17 | 21 |
+------------------------+
(10,u); 17
+------------------------+
| 06 | 00 | 07 | 07 | 05 |
+------------------------+
| 08 | 15 | 04 | 07 | 10 |
+------------------------+
| 01 | 09 | 02 | 13 | 00 |
+------------------------+
| 14 | 11 | 03 | 12 | 18 |
+------------------------+
| 19 | 20 | 16 | 17 | 21 |
+------------------------+
(13,r); 18
+------------------------+
| 06 | 00 | 07 | 07 | 05 |
+------------------------+
| 08 | 15 | 04 | 07 | 10 |
+------------------------+
| 01 | 09 | 02 | 00 | 13 |
+------------------------+
| 14 | 11 | 03 | 12 | 18 |
+------------------------+
| 19 | 20 | 16 | 17 | 21 |
+------------------------+
(2,r); 19
+------------------------+
| 06 | 00 | 07 | 07 | 05 |
+------------------------+
| 08 | 15 | 04 | 07 | 10 |
+------------------------+
| 01 | 09 | 00 | 02 | 13 |
+------------------------+
| 14 | 11 | 03 | 12 | 18 |
+------------------------+
| 19 | 20 | 16 | 17 | 21 |
+------------------------+
(4,d); 20
+------------------------+
| 06 | 00 | 07 | 07 | 05 |
+------------------------+
| 08 | 15 | 00 | 07 | 10 |
+------------------------+
| 01 | 09 | 04 | 02 | 13 |
+------------------------+
| 14 | 11 | 03 | 12 | 18 |
+------------------------+
| 19 | 20 | 16 | 17 | 21 |
+------------------------+
(7,l); 21
+------------------------+
| 06 | 07 | 07 | 00 | 05 |
+------------------------+
| 08 | 15 | 07 | 00 | 10 |
+------------------------+
| 01 | 09 | 04 | 02 | 13 |
+------------------------+
| 14 | 11 | 03 | 12 | 18 |
+------------------------+
| 19 | 20 | 16 | 17 | 21 |
+------------------------+
(2,u); 22
+------------------------+
| 06 | 07 | 07 | 00 | 05 |
+------------------------+
| 08 | 15 | 07 | 02 | 10 |
+------------------------+
| 01 | 09 | 04 | 00 | 13 |
+------------------------+
| 14 | 11 | 03 | 12 | 18 |
+------------------------+
| 19 | 20 | 16 | 17 | 21 |
+------------------------+
(4,r); 23
+------------------------+
| 06 | 07 | 07 | 00 | 05 |
+------------------------+
| 08 | 15 | 07 | 02 | 10 |
+------------------------+
| 01 | 09 | 00 | 04 | 13 |
+------------------------+
| 14 | 11 | 03 | 12 | 18 |
+------------------------+
| 19 | 20 | 16 | 17 | 21 |
+------------------------+
(9,r); 24
+------------------------+
| 06 | 07 | 07 | 00 | 05 |
+------------------------+
| 08 | 15 | 07 | 02 | 10 |
+------------------------+
| 01 | 00 | 09 | 04 | 13 |
+------------------------+
| 14 | 11 | 03 | 12 | 18 |
+------------------------+
| 19 | 20 | 16 | 17 | 21 |
+------------------------+
(1,r); 25
+------------------------+
| 06 | 07 | 07 | 00 | 05 |
+------------------------+
| 08 | 15 | 07 | 02 | 10 |
+------------------------+
| 00 | 01 | 09 | 04 | 13 |
+------------------------+
| 14 | 11 | 03 | 12 | 18 |
+------------------------+
| 19 | 20 | 16 | 17 | 21 |
+------------------------+
(8,d); 26
+------------------------+
| 06 | 07 | 07 | 00 | 05 |
+------------------------+
| 00 | 15 | 07 | 02 | 10 |
+------------------------+
| 08 | 01 | 09 | 04 | 13 |
+------------------------+
| 14 | 11 | 03 | 12 | 18 |
+------------------------+
| 19 | 20 | 16 | 17 | 21 |
+------------------------+
(6,d); 27
+------------------------+
| 00 | 07 | 07 | 00 | 05 |
+------------------------+
| 06 | 15 | 07 | 02 | 10 |
+------------------------+
| 08 | 01 | 09 | 04 | 13 |
+------------------------+
| 14 | 11 | 03 | 12 | 18 |
+------------------------+
| 19 | 20 | 16 | 17 | 21 |
+------------------------+
(2,u);28
+------------------------+
| 00 | 07 | 07 | 02 | 05 |
+------------------------+
| 06 | 15 | 07 | 00 | 10 |
+------------------------+
| 08 | 01 | 09 | 04 | 13 |
+------------------------+
| 14 | 11 | 03 | 12 | 18 |
+------------------------+
| 19 | 20 | 16 | 17 | 21 |
+------------------------+
(4,u);29
+------------------------+
| 00 | 07 | 07 | 02 | 05 |
+------------------------+
| 06 | 15 | 07 | 04 | 10 |
+------------------------+
| 08 | 01 | 09 | 00 | 13 |
+------------------------+
| 14 | 11 | 03 | 12 | 18 |
+------------------------+
| 19 | 20 | 16 | 17 | 21 |
+------------------------+
(9,r); 30
+------------------------+
| 00 | 07 | 07 | 02 | 05 |
+------------------------+
| 06 | 15 | 07 | 04 | 10 |
+------------------------+
| 08 | 01 | 00 | 09 | 13 |
+------------------------+
| 14 | 11 | 03 | 12 | 18 |
+------------------------+
| 19 | 20 | 16 | 17 | 21 |
+------------------------+
(1,r); 31
+------------------------+
| 00 | 07 | 07 | 02 | 05 |
+------------------------+
| 06 | 15 | 07 | 04 | 10 |
+------------------------+
| 08 | 00 | 01 | 09 | 13 |
+------------------------+
| 14 | 11 | 03 | 12 | 18 |
+------------------------+
| 19 | 20 | 16 | 17 | 21 |
+------------------------+
(15,d);32
+------------------------+
| 00 | 07 | 07 | 02 | 05 |
+------------------------+
| 06 | 00 | 07 | 04 | 10 |
+------------------------+
| 08 | 15 | 01 | 09 | 13 |
+------------------------+
| 14 | 11 | 03 | 12 | 18 |
+------------------------+
| 19 | 20 | 16 | 17 | 21 |
+------------------------+
+------------------------+
| 07 | 07 | 00 | 02 | 05 |
+------------------------+
| 06 | 07 | 00 | 04 | 10 |
+------------------------+
| 08 | 15 | 01 | 09 | 13 |
+------------------------+
| 14 | 11 | 03 | 12 | 18 |
+------------------------+
| 19 | 20 | 16 | 17 | 21 |
+------------------------+
(1,u);34
+------------------------+
| 07 | 07 | 00 | 02 | 05 |
+------------------------+
| 06 | 07 | 01 | 04 | 10 |
+------------------------+
| 08 | 15 | 00 | 09 | 13 |
+------------------------+
| 14 | 11 | 03 | 12 | 18 |
+------------------------+
| 19 | 20 | 16 | 17 | 21 |
+------------------------+
(1,u); 35
+------------------------+
| 07 | 07 | 01 | 02 | 05 |
+------------------------+
| 06 | 07 | 00 | 04 | 10 |
+------------------------+
| 08 | 15 | 00 | 09 | 13 |
+------------------------+
| 14 | 11 | 03 | 12 | 18 |
+------------------------+
| 19 | 20 | 16 | 17 | 21 |
+------------------------+
(3,u);36
+------------------------+
| 07 | 07 | 01 | 02 | 05 |
+------------------------+
| 06 | 07 | 00 | 04 | 10 |
+------------------------+
| 08 | 15 | 03 | 09 | 13 |
+------------------------+
| 14 | 11 | 00 | 12 | 18 |
+------------------------+
| 19 | 20 | 16 | 17 | 21 |
+------------------------+
(11,r); 37
+------------------------+
| 07 | 07 | 01 | 02 | 05 |
+------------------------+
| 06 | 07 | 00 | 04 | 10 |
+------------------------+
| 08 | 15 | 03 | 09 | 13 |
+------------------------+
| 14 | 00 | 11 | 12 | 18 |
+------------------------+
| 19 | 20 | 16 | 17 | 21 |
+------------------------+
(15,d);38
+------------------------+
| 07 | 07 | 01 | 02 | 05 |
+------------------------+
| 06 | 07 | 00 | 04 | 10 |
+------------------------+
| 08 | 00 | 03 | 09 | 13 |
+------------------------+
| 14 | 15 | 11 | 12 | 18 |
+------------------------+
| 19 | 20 | 16 | 17 | 21 |
+------------------------+
(8,r); 39
+------------------------+
| 07 | 07 | 01 | 02 | 05 |
+------------------------+
| 06 | 07 | 00 | 04 | 10 |
+------------------------+
| 00 | 08 | 03 | 09 | 13 |
+------------------------+
| 14 | 15 | 11 | 12 | 18 |
+------------------------+
| 19 | 20 | 16 | 17 | 21 |
+------------------------+
(6,d);40
+------------------------+
| 07 | 07 | 01 | 02 | 05 |
+------------------------+
| 00 | 07 | 00 | 04 | 10 |
+------------------------+
| 06 | 08 | 03 | 09 | 13 |
+------------------------+
| 14 | 15 | 11 | 12 | 18 |
+------------------------+
| 19 | 20 | 16 | 17 | 21 |
+------------------------+
(3,u); 41
+------------------------+
| 07 | 07 | 01 | 02 | 05 |
+------------------------+
| 00 | 07 | 03 | 04 | 10 |
+------------------------+
| 06 | 08 | 00 | 09 | 13 |
+------------------------+
| 14 | 15 | 11 | 12 | 18 |
+------------------------+
| 19 | 20 | 16 | 17 | 21 |
+------------------------+
(8,r); 42
+------------------------+
| 07 | 07 | 01 | 02 | 05 |
+------------------------+
| 00 | 07 | 03 | 04 | 10 |
+------------------------+
| 06 | 00 | 08 | 09 | 13 |
+------------------------+
| 14 | 15 | 11 | 12 | 18 |
+------------------------+
| 19 | 20 | 16 | 17 | 21 |
+------------------------+
+------------------------+
| 00 | 00 | 01 | 02 | 05 |
+------------------------+
| 07 | 07 | 03 | 04 | 10 |
+------------------------+
| 06 | 07 | 08 | 09 | 13 |
+------------------------+
| 14 | 15 | 11 | 12 | 18 |
+------------------------+
| 19 | 20 | 16 | 17 | 21 |
+------------------------+
(1,l); 44
+------------------------+
| 00 | 01 | 00 | 02 | 05 |
+------------------------+
| 07 | 07 | 03 | 04 | 10 |
+------------------------+
| 06 | 07 | 08 | 09 | 13 |
+------------------------+
| 14 | 15 | 11 | 12 | 18 |
+------------------------+
| 19 | 20 | 16 | 17 | 21 |
+------------------------+
(2,l); 45
+------------------------+
| 00 | 01 | 02 | 00 | 05 |
+------------------------+
| 07 | 07 | 03 | 04 | 10 |
+------------------------+
| 06 | 07 | 08 | 09 | 13 |
+------------------------+
| 14 | 15 | 11 | 12 | 18 |
+------------------------+
| 19 | 20 | 16 | 17 | 21 |
+------------------------+
(1,l);46
+------------------------+
| 01 | 00 | 02 | 00 | 05 |
+------------------------+
| 07 | 07 | 03 | 04 | 10 |
+------------------------+
| 06 | 07 | 08 | 09 | 13 |
+------------------------+
| 14 | 15 | 11 | 12 | 18 |
+------------------------+
| 19 | 20 | 16 | 17 | 21 |
+------------------------+
(2,l);47
+------------------------+
| 01 | 02 | 00 | 00 | 05 |
+------------------------+
| 07 | 07 | 03 | 04 | 10 |
+------------------------+
| 06 | 07 | 08 | 09 | 13 |
+------------------------+
| 14 | 15 | 11 | 12 | 18 |
+------------------------+
| 19 | 20 | 16 | 17 | 21 |
+------------------------+
(4,u); 48
+------------------------+
| 01 | 02 | 00 | 04 | 05 |
+------------------------+
| 07 | 07 | 03 | 00 | 10 |
+------------------------+
| 06 | 07 | 08 | 09 | 13 |
+------------------------+
| 14 | 15 | 11 | 12 | 18 |
+------------------------+
| 19 | 20 | 16 | 17 | 21 |
+------------------------+
(9,u); 49
+------------------------+
| 01 | 02 | 00 | 04 | 05 |
+------------------------+
| 07 | 07 | 03 | 09 | 10 |
+------------------------+
| 06 | 07 | 08 | 00 | 13 |
+------------------------+
| 14 | 15 | 11 | 12 | 18 |
+------------------------+
| 19 | 20 | 16 | 17 | 21 |
+------------------------+
(12,u); 50
+------------------------+
| 01 | 02 | 00 | 04 | 05 |
+------------------------+
| 07 | 07 | 03 | 09 | 10 |
+------------------------+
| 06 | 07 | 08 | 12 | 13 |
+------------------------+
| 14 | 15 | 11 | 00 | 18 |
+------------------------+
| 19 | 20 | 16 | 17 | 21 |
+------------------------+
(17,u); 51
+------------------------+
| 01 | 02 | 00 | 04 | 05 |
+------------------------+
| 07 | 07 | 03 | 09 | 10 |
+------------------------+
| 06 | 07 | 08 | 12 | 13 |
+------------------------+
| 14 | 15 | 11 | 17 | 18 |
+------------------------+
| 19 | 20 | 16 | 00 | 21 |
+------------------------+
(21,l); 52
+------------------------+
| 01 | 02 | 00 | 04 | 05 |
+------------------------+
| 07 | 07 | 03 | 09 | 10 |
+------------------------+
| 06 | 07 | 08 | 12 | 13 |
+------------------------+
| 14 | 15 | 11 | 17 | 18 |
+------------------------+
| 19 | 20 | 16 | 21 | 00 |
+------------------------+
(3,u);53
+------------------------+
| 01 | 02 | 03 | 04 | 05 |
+------------------------+
| 07 | 07 | 00 | 09 | 10 |
+------------------------+
| 06 | 07 | 08 | 12 | 13 |
+------------------------+
| 14 | 15 | 11 | 17 | 18 |
+------------------------+
| 19 | 20 | 16 | 21 | 00 |
+------------------------+
(8,u);54
+------------------------+
| 01 | 02 | 03 | 04 | 05 |
+------------------------+
| 07 | 07 | 08 | 09 | 10 |
+------------------------+
| 06 | 07 | 00 | 12 | 13 |
+------------------------+
| 14 | 15 | 11 | 17 | 18 |
+------------------------+
| 19 | 20 | 16 | 21 | 00 |
+------------------------+
(11,u);55
+------------------------+
| 01 | 02 | 03 | 04 | 05 |
+------------------------+
| 07 | 07 | 08 | 09 | 10 |
+------------------------+
| 06 | 07 | 11 | 12 | 13 |
+------------------------+
| 14 | 15 | 00 | 17 | 18 |
+------------------------+
| 19 | 20 | 16 | 21 | 00 |
+------------------------+
(16,u);56
+------------------------+
| 01 | 02 | 03 | 04 | 05 |
+------------------------+
| 07 | 07 | 08 | 09 | 10 |
+------------------------+
| 06 | 07 | 11 | 12 | 13 |
+------------------------+
| 14 | 15 | 16 | 17 | 18 |
+------------------------+
| 19 | 20 | 00 | 21 | 00 |
+------------------------+
(21,l);57
+------------------------+
| 01 | 02 | 03 | 04 | 05 |
+------------------------+
| 07 | 07 | 08 | 09 | 10 |
+------------------------+
| 06 | 07 | 11 | 12 | 13 |
+------------------------+
| 14 | 15 | 16 | 17 | 18 |
+------------------------+
| 19 | 20 | 21 | 00 | 00 |
+------------------------+
